"","x","y","vacancy_rate","approximate_date","poa_code"
"1",2.1270676754965,42.9274292742928,0.735898787559304,2005-08-01,"6701"
"2",2.1270676754965,42.9274292742928,0.735898787559304,2005-08-16,"6701"
"3",6.6850698372747,0,0,2005-08-31,"6701"
"4",6.6850698372747,0,0,2005-09-15,"6701"
"5",7.8729323245035,42.9274292742928,0.735898787559304,2005-10-01,"6701"
"6",11.388674845887,0,0,2005-10-16,"6701"
"7",11.388674845887,0,0,2005-10-31,"6701"
"8",15.946677007666,3.58169129720852,0.0614004222378604,2005-11-15,"6701"
"9",15.946677007666,3.58169129720852,0.0614004222378604,2005-12-01,"6701"
"10",20.656612574836,0,0,2005-12-16,"6701"
"11",20.656612574836,0,0,2005-12-31,"6701"
"12",25.366548142007,60.9262682275621,1.04445031247249,2006-01-15,"6701"
"13",25.366548142007,60.9262682275621,1.04445031247249,2006-01-31,"6701"
"14",29.620683493,114.684740193058,1.96602411759528,2006-02-15,"6701"
"15",29.620683493,114.684740193058,1.96602411759528,2006-03-02,"6701"
"16",34.330619060171,35.8610768598438,0.614761317597323,2006-03-18,"6701"
"17",34.330619060171,35.8610768598438,0.614761317597323,2006-04-02,"6701"
"18",38.894951780507,43.0332922318126,0.737713581116787,2006-04-17,"6701"
"19",38.894951780507,43.0332922318126,0.737713581116787,2006-05-02,"6701"
"20",43.604887347678,46.6481595722805,0.799682735524808,2006-05-18,"6701"
"21",43.604887347678,46.6481595722805,0.799682735524808,2006-06-02,"6701"
"22",48.162889509456,35.883199670985,0.615140565788314,2006-06-17,"6701"
"23",48.162889509456,35.883199670985,0.615140565788314,2006-07-02,"6701"
"24",52.872825076627,43.0864197530864,0.738624338624339,2006-07-18,"6701"
"25",52.872825076627,43.0864197530864,0.738624338624339,2006-08-02,"6701"
"26",57.582760643798,35.9719645433931,0.616662249315311,2006-08-17,"6701"
"27",57.582760643798,35.9719645433931,0.616662249315311,2006-09-01,"6701"
"28",62.140762805576,32.4349442379182,0.55602761550717,2006-09-17,"6701"
"29",62.140762805576,32.4349442379182,0.55602761550717,2006-10-02,"6701"
"30",66.844367814189,43.3271260086902,0.742750731577547,2006-10-17,"6701"
"31",66.844367814189,43.3271260086902,0.742750731577547,2006-11-02,"6701"
"32",71.402369975967,21.7039800995025,0.372068230277185,2006-11-17,"6701"
"33",71.402369975967,21.7039800995025,0.372068230277185,2006-12-02,"6701"
"34",76.112305543137,32.6168224299065,0.559145527369826,2006-12-17,"6701"
"35",76.112305543137,32.6168224299065,0.559145527369826,2007-01-02,"6701"
"36",80.822241110308,29.0470245526425,0.497948992331015,2007-01-17,"6701"
"37",80.822241110308,29.0470245526425,0.497948992331015,2007-02-01,"6701"
"38",85.076376461301,36.3769022305607,0.623604038238184,2007-02-16,"6701"
"39",85.076376461301,36.3769022305607,0.623604038238184,2007-03-04,"6701"
"40",89.79264258703,61.9569757727652,1.06211958467598,2007-03-19,"6701"
"41",89.79264258703,61.9569757727652,1.06211958467598,2007-04-03,"6701"
"42",94.350644748808,47.468089558485,0.813738678145458,2007-04-19,"6701"
"43",94.350644748808,47.468089558485,0.813738678145458,2007-05-04,"6701"
"44",99.060580315979,18.2914046121593,0.313566936208446,2007-05-19,"6701"
"45",99.060580315979,18.2914046121593,0.313566936208446,2007-06-03,"6701"
"46",103.61858247776,36.6519638731359,0.62831938068233,2007-06-19,"6701"
"47",103.61858247776,36.6519638731359,0.62831938068233,2007-07-04,"6701"
"48",108.32851804493,113.836279461279,1.95147907647908,2007-07-19,"6701"
"49",108.32851804493,113.836279461279,1.95147907647908,2007-08-03,"6701"
"50",113.0384536121,33.111954459203,0.567633505014909,2007-08-19,"6701"
"51",113.0384536121,33.111954459203,0.567633505014909,2007-09-03,"6701"
"52",117.59645577388,22.1166032953105,0.379141770776752,2007-09-18,"6701"
"53",117.59645577388,22.1166032953105,0.379141770776752,2007-10-03,"6701"
"54",122.30006078249,36.9312169312169,0.633106575963718,2007-10-19,"6701"
"55",122.30006078249,36.9312169312169,0.633106575963718,2007-11-03,"6701"
"56",126.85806294427,29.6013570822731,0.507451835696111,2007-11-18,"6701"
"57",126.85806294427,29.6013570822731,0.507451835696111,2007-12-04,"6701"
"58",131.56799851144,29.6579562353941,0.50842210689247,2007-12-19,"6701"
"59",131.56799851144,29.6579562353941,0.50842210689247,2008-01-03,"6701"
"60",136.27793407861,37.1434653043848,0.63674511950374,2008-01-18,"6701"
"61",136.27793407861,37.1434653043848,0.63674511950374,2008-02-03,"6701"
"62",140.68400283499,40.936233738537,0.701764006946349,2008-02-18,"6701"
"63",140.68400283499,40.936233738537,0.701764006946349,2008-03-04,"6701"
"64",145.39393840217,70.8440170940171,1.21446886446886,2008-03-19,"6701"
"65",145.39393840217,70.8440170940171,1.21446886446886,2008-04-04,"6701"
"66",149.9582711225,89.6596017983301,1.53702174511423,2008-04-19,"6701"
"67",149.9582711225,89.6596017983301,1.53702174511423,2008-05-04,"6701"
"68",154.66820668967,37.4302874302874,0.641662070233499,2008-05-19,"6701"
"69",154.66820668967,37.4302874302874,0.641662070233499,2008-06-04,"6701"
"70",159.22620885145,41.2529550827423,0.707193515704155,2008-06-19,"6701"
"71",159.22620885145,41.2529550827423,0.707193515704155,2008-07-04,"6701"
"72",163.93614441862,41.332902670112,0.708564045773348,2008-07-20,"6701"
"73",163.93614441862,41.332902670112,0.708564045773348,2008-08-04,"6701"
"74",168.64607998579,64.0021574973031,1.09717984281091,2008-08-19,"6701"
"75",168.64607998579,64.0021574973031,1.09717984281091,2008-09-03,"6701"
"76",173.20408214757,79.2153047989624,1.3579766536965,2008-09-19,"6701"
"77",173.20408214757,79.2153047989624,1.3579766536965,2008-10-04,"6701"
"78",177.90768715618,79.3697205977908,1.36062378167641,2008-10-19,"6701"
"79",177.90768715618,79.3697205977908,1.36062378167641,2008-11-03,"6701"
"80",182.46568931796,90.8854166666666,1.55803571428571,2008-11-19,"6701"
"81",182.46568931796,90.8854166666666,1.55803571428571,2008-12-04,"6701"
"82",187.17562488513,91.0632746249184,1.56108470785574,2008-12-19,"6701"
"83",187.17562488513,91.0632746249184,1.56108470785574,2009-01-04,"6701"
"84",191.8855604523,91.1822338340954,1.56312400858449,2009-01-19,"6701"
"85",191.8855604523,91.1822338340954,1.56312400858449,2009-02-03,"6701"
"86",196.1396958033,95.1679755671902,1.63145100972326,2009-02-18,"6701"
"87",196.1396958033,95.1679755671902,1.63145100972326,2009-03-06,"6701"
"88",200.84963137047,102.983606557377,1.76543325526932,2009-03-21,"6701"
"89",200.84963137047,102.983606557377,1.76543325526932,2009-04-05,"6701"
"90",205.4139640908,91.7214191852825,1.57236718603341,2009-04-20,"6701"
"91",205.4139640908,91.7214191852825,1.57236718603341,2009-05-06,"6701"
"92",210.12389965797,88.0732938336625,1.50982789429136,2009-05-21,"6701"
"93",210.12389965797,88.0732938336625,1.50982789429136,2009-06-05,"6701"
"94",214.68190181975,69.0633245382586,1.18394270637015,2009-06-20,"6701"
"95",214.68190181975,69.0633245382586,1.18394270637015,2009-07-06,"6701"
"96",219.39183738692,53.8224278475435,0.922670191672174,2009-07-21,"6701"
"97",219.39183738692,53.8224278475435,0.922670191672174,2009-08-05,"6701"
"98",224.10177295409,46.2251655629139,0.792431409649953,2009-08-21,"6701"
"99",224.10177295409,46.2251655629139,0.792431409649953,2009-09-05,"6701"
"100",228.65977511587,38.5976553859766,0.661674092331027,2009-09-20,"6701"
"101",228.65977511587,38.5976553859766,0.661674092331027,2009-10-05,"6701"
"102",233.36338012448,46.4095744680851,0.795592705167173,2009-10-21,"6701"
"103",233.36338012448,46.4095744680851,0.795592705167173,2009-11-05,"6701"
"104",237.92138228626,46.5023317788141,0.797182830493956,2009-11-20,"6701"
"105",237.92138228626,46.5023317788141,0.797182830493956,2009-12-05,"6701"
"106",242.63131785343,46.5954606141522,0.798779324814038,2009-12-21,"6701"
"107",242.63131785343,46.5954606141522,0.798779324814038,2010-01-05,"6701"
"108",247.3412534206,27.2352285395764,0.466889632107024,2010-01-20,"6701"
"109",247.3412534206,27.2352285395764,0.466889632107024,2010-02-05,"6701"
"110",251.5953887716,27.2899910634495,0.467828418230563,2010-02-20,"6701"
"111",251.5953887716,27.2899910634495,0.467828418230563,2010-03-07,"6701"
"112",256.30532433877,19.5321244683233,0.33483641945697,2010-03-22,"6701"
"113",256.30532433877,19.5321244683233,0.33483641945697,2010-04-07,"6701"
"114",260.8696570591,66.5432929564827,1.14074216496828,2010-04-22,"6701"
"115",260.8696570591,66.5432929564827,1.14074216496828,2010-05-07,"6701"
"116",265.57959262627,31.3778377163408,0.537905789422985,2010-05-22,"6701"
"117",265.57959262627,31.3778377163408,0.537905789422985,2010-06-07,"6701"
"118",270.13759478805,35.3716216216216,0.606370656370656,2010-06-22,"6701"
"119",270.13759478805,35.3716216216216,0.606370656370656,2010-07-07,"6701"
"120",274.84753035522,23.6289776574137,0.405068188412806,2010-07-22,"6701"
"121",274.84753035522,23.6289776574137,0.405068188412806,2010-08-07,"6701"
"122",279.55746592239,11.8385345997286,0.202946307423919,2010-08-22,"6701"
"123",279.55746592239,11.8385345997286,0.202946307423919,2010-09-06,"6701"
"124",284.11546808417,27.6795830500793,0.47450713800136,2010-09-22,"6701"
"125",284.11546808417,27.6795830500793,0.47450713800136,2010-10-07,"6701"
"126",288.81907309279,27.736148955495,0.475476839237058,2010-10-22,"6701"
"127",288.81907309279,27.736148955495,0.475476839237058,2010-11-06,"6701"
"128",293.37707525456,35.7337883959044,0.612579229644076,2010-11-22,"6701"
"129",293.37707525456,35.7337883959044,0.612579229644076,2010-12-07,"6701"
"130",298.08701082173,27.8499772001824,0.477428180574556,2010-12-22,"6701"
"131",298.08701082173,27.8499772001824,0.477428180574556,2011-01-06,"6701"
"132",302.79694638891,11.9602467443455,0.205032801331636,2011-01-22,"6701"
"133",302.79694638891,11.9602467443455,0.205032801331636,2011-02-06,"6701"
"134",307.0510817399,31.959706959707,0.547880690737834,2011-02-21,"6701"
"135",307.0510817399,31.959706959707,0.547880690737834,2011-03-08,"6701"
"136",311.76101730707,16.012846983253,0.274505948284338,2011-03-24,"6701"
"137",311.76101730707,16.012846983253,0.274505948284338,2011-04-08,"6701"
"138",316.32535002741,24.0689655172414,0.412610837438424,2011-04-23,"6701"
"139",316.32535002741,24.0689655172414,0.412610837438424,2011-05-09,"6701"
"140",321.03528559458,16.0792444137296,0.27564418994965,2011-05-24,"6701"
"141",321.03528559458,16.0792444137296,0.27564418994965,2011-06-08,"6701"
"142",325.59328775635,16.112650046168,0.276216857934309,2011-06-23,"6701"
"143",325.59328775635,16.112650046168,0.276216857934309,2011-07-09,"6701"
"144",330.30322332353,20.1827434651862,0.345989887974621,2011-07-24,"6701"
"145",330.30322332353,20.1827434651862,0.345989887974621,2011-08-08,"6701"
"146",335.0131588907,20.2248493277701,0.346711702761773,2011-08-23,"6701"
"147",335.0131588907,20.2248493277701,0.346711702761773,2011-09-08,"6701"
"148",339.57116105247,28.3739837398374,0.486411149825784,2011-09-23,"6701"
"149",339.57116105247,28.3739837398374,0.486411149825784,2011-10-08,"6701"
"150",344.27476606109,20.3095903165736,0.348164405426976,2011-10-24,"6701"
"151",344.27476606109,20.3095903165736,0.348164405426976,2011-11-08,"6701"
"152",348.83276822286,40.7044553300676,0.697790662801159,2011-11-23,"6701"
"153",348.83276822286,40.7044553300676,0.697790662801159,2011-12-08,"6701"
"154",353.54270379004,12.2370266479663,0.209777599679423,2011-12-24,"6701"
"155",353.54270379004,12.2370266479663,0.209777599679423,2012-01-08,"6701"
"156",358.25263935721,12.2628250175685,0.210219857444031,2012-01-23,"6701"
"157",358.25263935721,12.2628250175685,0.210219857444031,2012-02-07,"6701"
"158",362.65870811359,45.0586854460094,0.772434607645876,2012-02-23,"6701"
"159",362.65870811359,45.0586854460094,0.772434607645876,2012-03-09,"6701"
"160",367.36864368076,24.6294989414255,0.422219981853009,2012-03-24,"6701"
"161",367.36864368076,24.6294989414255,0.422219981853009,2012-04-08,"6701"
"162",371.9329764011,32.9090051862329,0.564154374621135,2012-04-24,"6701"
"163",371.9329764011,32.9090051862329,0.564154374621135,2012-05-09,"6701"
"164",376.64291196827,20.6118592015119,0.353346157740205,2012-05-24,"6701"
"165",376.64291196827,20.6118592015119,0.353346157740205,2012-06-09,"6701"
"166",381.20091413005,20.6557765151515,0.354099025974026,2012-06-24,"6701"
"167",381.20091413005,20.6557765151515,0.354099025974026,2012-07-09,"6701"
"168",385.91084969722,16.5599051008303,0.283884087442806,2012-07-24,"6701"
"169",385.91084969722,16.5599051008303,0.283884087442806,2012-08-09,"6701"
"170",390.62078526439,41.4883499762244,0.711228856735276,2012-08-24,"6701"
"171",390.62078526439,41.4883499762244,0.711228856735276,2012-09-08,"6701"
"172",395.17878742617,20.7886585656421,0.356377003982436,2012-09-23,"6701"
"173",395.17878742617,20.7886585656421,0.356377003982436,2012-10-09,"6701"
"174",399.88239243478,20.8333333333333,0.357142857142857,2012-10-24,"6701"
"175",399.88239243478,20.8333333333333,0.357142857142857,2012-11-08,"6701"
"176",404.44039459656,33.4051208423068,0.572659214439544,2012-11-24,"6701"
"177",404.44039459656,33.4051208423068,0.572659214439544,2012-12-09,"6701"
"178",409.15033016373,37.6618705035971,0.645632065775951,2012-12-24,"6701"
"179",409.15033016373,37.6618705035971,0.645632065775951,2013-01-08,"6701"
"180",413.8602657309,37.7433309300649,0.647028530229684,2013-01-24,"6701"
"181",413.8602657309,37.7433309300649,0.647028530229684,2013-02-08,"6701"
"182",418.11440108189,33.6223506743738,0.576383154417837,2013-02-23,"6701"
"183",418.11440108189,33.6223506743738,0.576383154417837,2013-03-10,"6701"
"184",422.82433664906,21.0596186338402,0.361022033722975,2013-03-26,"6701"
"185",422.82433664906,21.0596186338402,0.361022033722975,2013-04-10,"6701"
"186",427.3886693694,21.1054668601838,0.361808003317437,2013-04-25,"6701"
"187",427.3886693694,21.1054668601838,0.361808003317437,2013-05-10,"6701"
"188",432.09860493657,21.1515151515151,0.362597402597402,2013-05-26,"6701"
"189",432.09860493657,21.1515151515151,0.362597402597402,2013-06-10,"6701"
"190",436.65660709835,16.958211856171,0.290712203248646,2013-06-25,"6701"
"191",436.65660709835,16.958211856171,0.290712203248646,2013-07-11,"6701"
"192",441.36654266552,29.7419040662284,0.509861212563916,2013-07-26,"6701"
"193",441.36654266552,29.7419040662284,0.509861212563916,2013-08-10,"6701"
"194",446.07647823269,38.3235724743777,0.65697552813219,2013-08-25,"6701"
"195",446.07647823269,38.3235724743777,0.65697552813219,2013-09-10,"6701"
"196",450.63448039447,51.2105649303008,0.877895398805156,2013-09-25,"6701"
"197",450.63448039447,51.2105649303008,0.877895398805156,2013-10-10,"6701"
"198",455.33808540308,42.7696078431372,0.733193277310924,2013-10-25,"6701"
"199",455.33808540308,42.7696078431372,0.733193277310924,2013-11-10,"6701"
"200",459.89608756486,38.5777450257922,0.661332771870723,2013-11-25,"6701"
"201",459.89608756486,38.5777450257922,0.661332771870723,2013-12-10,"6701"
"202",464.60602313203,34.3673067454456,0.589153829921925,2013-12-25,"6701"
"203",464.60602313203,34.3673067454456,0.589153829921925,2014-01-10,"6701"
"204",469.3159586992,55.9294871794872,0.958791208791209,2014-01-25,"6701"
"205",469.3159586992,55.9294871794872,0.958791208791209,2014-02-09,"6701"
"206",473.57009405019,38.8065233506301,0.665254686010801,2014-02-25,"6701"
"207",473.57009405019,38.8065233506301,0.665254686010801,2014-03-12,"6701"
"208",478.28002961737,69.1431401684002,1.18531097431543,2014-03-27,"6701"
"209",478.28002961737,69.1431401684002,1.18531097431543,2014-04-11,"6701"
"210",482.8443623377,60.6353933978655,1.03946388682055,2014-04-27,"6701"
"211",482.8443623377,60.6353933978655,1.03946388682055,2014-05-12,"6701"
"212",487.55429790487,56.4303482587065,0.967377398720683,2014-05-27,"6701"
"213",487.55429790487,56.4303482587065,0.967377398720683,2014-06-11,"6701"
"214",492.11230006665,65.2580403889305,1.11870926381024,2014-06-27,"6701"
"215",492.11230006665,65.2580403889305,1.11870926381024,2014-07-12,"6701"
"216",496.82223563382,52.3238380809595,0.896980081387877,2014-07-27,"6701"
"217",496.82223563382,52.3238380809595,0.896980081387877,2014-08-12,"6701"
"218",501.53217120099,56.8119208615076,0.973918643340131,2014-08-27,"6701"
"219",501.53217120099,56.8119208615076,0.973918643340131,2014-09-11,"6701"
"220",506.09017336277,87.6004016064257,1.50172117039587,2014-09-26,"6701"
"221",506.09017336277,87.6004016064257,1.50172117039587,2014-10-12,"6701"
"222",510.79377837138,74.6289308176101,1.27935309973046,2014-10-27,"6701"
"223",510.79377837138,74.6289308176101,1.27935309973046,2014-11-11,"6701"
"224",515.35178053316,114.39737771054,1.96109790360925,2014-11-26,"6701"
"225",515.35178053316,114.39737771054,1.96109790360925,2014-12-12,"6701"
"226",520.06171610033,101.427849380844,1.73876313224304,2014-12-27,"6701"
"227",520.06171610033,101.427849380844,1.73876313224304,2015-01-11,"6701"
"228",524.7716516675,110.498986828774,1.89426834563613,2015-01-26,"6701"
"229",524.7716516675,110.498986828774,1.89426834563613,2015-02-11,"6701"
"230",529.0257870185,110.751459761361,1.8985964530519,2015-02-26,"6701"
"231",529.0257870185,110.751459761361,1.8985964530519,2015-03-13,"6701"
"232",533.73572258567,124.325699745547,2.13129770992366,2015-03-29,"6701"
"233",533.73572258567,124.325699745547,2.13129770992366,2015-04-13,"6701"
"234",538.300055306,129.061463912267,2.21248223849601,2015-04-28,"6701"
"235",538.300055306,129.061463912267,2.21248223849601,2015-05-13,"6701"
"236",543.00999087317,124.897750511247,2.14110429447853,2015-05-29,"6701"
"237",543.00999087317,124.897750511247,2.14110429447853,2015-06-13,"6701"
"238",547.56799303495,111.77299513195,1.91610848797628,2015-06-28,"6701"
"239",547.56799303495,111.77299513195,1.91610848797628,2015-07-13,"6701"
"240",552.27792860212,129.956343091936,2.22782302443319,2015-07-29,"6701"
"241",552.27792860212,129.956343091936,2.22782302443319,2015-08-13,"6701"
"242",556.98786416929,148.223938223938,2.54098179812465,2015-08-28,"6701"
"243",556.98786416929,148.223938223938,2.54098179812465,2015-09-12,"6701"
"244",561.54586633107,220.601135190918,3.80175887288554,2015-09-28,"6701"
"245",561.54586633107,220.601135190918,3.80175887288554,2015-10-13,"6701"
"246",566.24947133968,234.652185156452,4.04612495924264,2015-10-28,"6701"
"247",566.24947133968,234.652185156452,4.04612495924264,2015-11-13,"6701"
"248",570.80747350146,226.153447382063,3.89832082403588,2015-11-28,"6701"
"249",570.80747350146,226.153447382063,3.89832082403588,2015-12-13,"6701"
"250",575.51740906863,231.215900233827,3.98636348232743,2015-12-28,"6701"
"251",575.51740906863,231.215900233827,3.98636348232743,2016-01-13,"6701"
"252",580.2273446358,209.036458333333,3.60063405797101,2016-01-28,"6701"
"253",580.2273446358,209.036458333333,3.60063405797101,2016-02-12,"6701"
"254",584.63341339219,195.862699034195,3.35764626915762,2016-02-27,"6701"
"255",584.63341339219,195.862699034195,3.35764626915762,2016-03-14,"6701"
"256",589.34334895936,173.495552066981,2.97420946400538,2016-03-29,"6701"
"257",589.34334895936,173.495552066981,2.97420946400538,2016-04-13,"6701"
"258",593.9076816797,196.787306582743,3.3734966842756,2016-04-29,"6701"
"259",593.9076816797,196.787306582743,3.3734966842756,2016-05-14,"6701"
"260",598.61761724687,197.252891692955,3.3814781433078,2016-05-29,"6701"
"261",598.61761724687,197.252891692955,3.3814781433078,2016-06-13,"6701"
"262",603.17561940864,202.31884057971,3.46832298136646,2016-06-29,"6701"
"263",603.17561940864,202.31884057971,3.46832298136646,2016-07-14,"6701"
"264",607.88555497582,198.190702588484,3.39755490151687,2016-07-29,"6701"
"265",607.88555497582,198.190702588484,3.39755490151687,2016-08-13,"6701"
"266",612.59549054299,207.573354480571,3.55840036252407,2016-08-29,"6701"
"267",612.59549054299,207.573354480571,3.55840036252407,2016-09-13,"6701"
"268",617.15349270476,230.820105820106,3.97948010121923,2016-09-28,"6701"
"269",617.15349270476,230.820105820106,3.97948010121923,2016-10-13,"6701"
"270",621.85709771338,207.738095238095,3.56122448979592,2016-10-29,"6701"
"271",621.85709771338,207.738095238095,3.56122448979592,2016-11-13,"6701"
"272",626.41509987516,277.204130262113,4.78615878716718,2016-11-28,"6701"
"273",626.41509987516,277.204130262113,4.78615878716718,2016-12-14,"6701"
"274",631.12503544233,231.187069422363,3.98586207691067,2016-12-29,"6701"
"275",631.12503544233,231.187069422363,3.98586207691067,2017-01-13,"6701"
"276",635.8349710095,273.017767170512,4.71335247253064,2017-01-28,"6701"
"277",635.8349710095,273.017767170512,4.71335247253064,2017-02-13,"6701"
"278",640.08910636049,254.710721868365,4.39496907597157,2017-02-28,"6701"
"279",640.08910636049,254.710721868365,4.39496907597157,2017-03-15,"6701"
"280",644.79904192766,268.604033970276,4.63659189513524,2017-03-30,"6701"
"281",644.79904192766,268.604033970276,4.63659189513524,2017-04-15,"6701"
"282",649.363374648,259.548472775564,4.47910387435764,2017-04-30,"6701"
"283",649.363374648,259.548472775564,4.47910387435764,2017-05-15,"6701"
"284",654.07331021517,236.562998405104,4.0793564940018,2017-05-31,"6701"
"285",654.07331021517,236.562998405104,4.0793564940018,2017-06-15,"6701"
"286",658.63131237695,287.8159084863,4.95112985976514,2017-06-30,"6701"
"287",658.63131237695,287.8159084863,4.95112985976514,2017-07-15,"6701"
"288",663.34124794412,306.629392971246,5.27364673664993,2017-07-31,"6701"
"289",663.34124794412,306.629392971246,5.27364673664993,2017-08-15,"6701"
"290",668.05118351129,306.629392971246,5.27364673664993,2017-08-30,"6701"
"291",668.05118351129,306.629392971246,5.27364673664993,2017-09-14,"6701"
"292",672.60918567307,288.276045830003,4.95901792851433,2017-09-30,"6701"
"293",672.60918567307,288.276045830003,4.95901792851433,2017-10-15,"6701"
"294",677.31279068168,265.24,4.57808695652174,2017-10-30,"6701"
"295",677.31279068168,265.24,4.57808695652174,2017-11-14,"6701"
"296",681.87079284346,270.109420870029,4.66277253687008,2017-11-30,"6701"
"297",681.87079284346,270.109420870029,4.66277253687008,2017-12-15,"6701"
"298",686.58072841063,237.700320512821,4.09913600891862,2017-12-30,"6701"
"299",686.58072841063,237.700320512821,4.09913600891862,2018-01-15,"6701"
"300",691.2906639778,223.717948717949,3.85596432552954,2018-01-30,"6701"
"301",691.2906639778,223.717948717949,3.85596432552954,2018-02-14,"6701"
"302",695.54479932879,223.897353648757,3.85908441128273,2018-03-01,"6701"
"303",695.54479932879,223.897353648757,3.85908441128273,2018-03-17,"6701"
"304",700.25473489596,210.072231139647,3.61864749808082,2018-04-01,"6701"
"305",700.25473489596,210.072231139647,3.61864749808082,2018-04-16,"6701"
"306",704.8190676163,200.896921017403,3.44394721744119,2018-05-01,"6701"
"307",704.8190676163,200.896921017403,3.44394721744119,2018-05-17,"6701"
"308",709.52900318347,205.734190782422,3.52687184198438,2018-06-01,"6701"
"309",709.52900318347,205.734190782422,3.52687184198438,2018-06-16,"6701"
"310",714.08700534525,173.003751339764,2.96577859439596,2018-07-01,"6701"
"311",714.08700534525,173.003751339764,2.96577859439596,2018-07-17,"6701"
"312",718.79694091242,163.783856261732,2.80772325020113,2018-08-01,"6701"
"313",718.79694091242,163.783856261732,2.80772325020113,2018-08-16,"6701"
"314",723.50687647959,210.748792270531,3.63041377861794,2018-09-01,"6701"
"315",723.50687647959,210.748792270531,3.63041377861794,2018-09-16,"6701"
"316",728.06487864137,201.544453397797,3.45504777253367,2018-10-01,"6701"
"317",728.06487864137,201.544453397797,3.45504777253367,2018-10-16,"6701"
"318",732.76848364998,168.870967741935,2.89493087557604,2018-11-01,"6701"
"319",732.76848364998,168.870967741935,2.89493087557604,2018-11-16,"6701"
"320",737.32648581176,168.870967741935,2.89493087557604,2018-12-01,"6701"
"321",737.32648581176,168.870967741935,2.89493087557604,2018-12-16,"6701"
"322",742.03642137893,159.617971482378,2.73630808255506,2019-01-01,"6701"
"323",742.03642137893,159.617971482378,2.73630808255506,2019-01-16,"6701"
"324",746.7463569461,159.74690360797,2.7385183475652,2019-01-31,"6701"
"325",746.7463569461,159.74690360797,2.7385183475652,2019-02-16,"6701"
"326",751.00049229709,159.87604419294,2.74073218616468,2019-03-03,"6701"
"327",751.00049229709,159.87604419294,2.74073218616468,2019-03-18,"6701"
"328",755.71042786426,183.535598705502,3.14632454923717,2019-04-02,"6701"
"329",755.71042786426,183.535598705502,3.14632454923717,2019-04-18,"6701"
"330",760.2747605846,127.063106796117,2.17822468793343,2019-05-03,"6701"
"331",760.2747605846,127.063106796117,2.17822468793343,2019-05-18,"6701"
"332",764.98469615177,127.165991902834,2.17998843262001,2019-06-02,"6701"
"333",764.98469615177,127.165991902834,2.17998843262001,2019-06-18,"6701"
"334",769.54269831355,160.264721772015,2.7473952303774,2019-07-03,"6701"
"335",769.54269831355,160.264721772015,2.7473952303774,2019-07-18,"6701"
"336",774.25263388072,188.699648553663,3.2348511180628,2019-08-02,"6701"
"337",774.25263388072,188.699648553663,3.2348511180628,2019-08-18,"6701"
"338",778.96256944789,136.91829004329,2.3471706864564,2019-09-02,"6701"
"339",778.96256944789,136.91829004329,2.3471706864564,2019-09-17,"6701"
"340",783.52057160967,146.360930735931,2.50904452690167,2019-10-03,"6701"
"341",783.52057160967,146.360930735931,2.50904452690167,2019-10-18,"6701"
"342",788.22417661828,132.304359599242,2.268074735987,2019-11-02,"6701"
"343",788.22417661828,132.304359599242,2.268074735987,2019-11-17,"6701"
"344",792.78217878006,146.59891598916,2.51312427409988,2019-12-03,"6701"
"345",792.78217878006,146.59891598916,2.51312427409988,2019-12-18,"6701"
"346",797.49211434723,132.519663683211,2.27176566314076,2020-01-02,"6701"
"347",797.49211434723,132.519663683211,2.27176566314076,2020-01-17,"6701"
"348",802.2020499144,146.837676438654,2.51721731037692,2020-02-02,"6701"
"349",802.2020499144,146.837676438654,2.51721731037692,2020-02-17,"6701"
"350",806.60811867079,194.204668838219,3.32922289436947,2020-03-03,"6701"
"351",806.60811867079,194.204668838219,3.32922289436947,2020-03-19,"6701"
"352",811.31805423796,165.919587068731,2.84433577832111,2020-04-03,"6701"
"353",811.31805423796,165.919587068731,2.84433577832111,2020-04-18,"6701"
"354",815.88238695829,166.0549211528,2.84665579119086,2020-05-03,"6701"
"355",815.88238695829,166.0549211528,2.84665579119086,2020-05-19,"6701"
"356",820.59232252546,118.707482993197,2.03498542274053,2020-06-03,"6701"
"357",820.59232252546,118.707482993197,2.03498542274053,2020-06-18,"6701"
"358",825.15032468724,114.052287581699,1.95518207282913,2020-07-03,"6701"
"359",825.15032468724,114.052287581699,1.95518207282913,2020-07-19,"6701"
"360",829.86026025441,85.5392156862745,1.46638655462185,2020-08-03,"6701"
"361",829.86026025441,85.5392156862745,1.46638655462185,2020-08-18,"6701"
"362",834.57019582158,76.0970291632598,1.3045204999416,2020-09-02,"6701"
"363",834.57019582158,76.0970291632598,1.3045204999416,2020-09-18,"6701"
"364",839.12819798336,61.8794326241135,1.06079027355623,2020-10-03,"6701"
"365",839.12819798336,61.8794326241135,1.06079027355623,2020-10-18,"6701"
"366",843.83180299197,61.9301119301119,1.06165906165906,2020-11-03,"6701"
"367",843.83180299197,61.9301119301119,1.06165906165906,2020-11-18,"6701"
"368",848.38980515375,57.2131147540983,0.9807962529274,2020-12-03,"6701"
"369",848.38980515375,57.2131147540983,0.9807962529274,2020-12-18,"6701"
"370",853.09974072092,47.6775956284153,0.817330210772834,2021-01-03,"6701"
"371",853.09974072092,47.6775956284153,0.817330210772834,2021-01-18,"6701"
"372",857.80967628809,47.7167076838939,0.818000703152467,2021-02-02,"6701"
"373",857.80967628809,47.7167076838939,0.818000703152467,2021-02-17,"6701"
"374",862.06381163909,57.3070607553366,0.982406755805771,2021-03-05,"6701"
"375",862.06381163909,57.3070607553366,0.982406755805771,2021-03-20,"6701"
"376",866.77374720626,47.7951246233908,0.819344993543843,2021-04-04,"6701"
"377",866.77374720626,47.7951246233908,0.819344993543843,2021-04-19,"6701"
"378",871.33807992659,28.7006578947368,0.492011278195488,2021-05-05,"6701"
"379",871.33807992659,28.7006578947368,0.492011278195488,2021-05-20,"6701"
"380",876.04801549376,28.7006578947368,0.492011278195488,2021-06-04,"6701"
"381",876.04801549376,28.7006578947368,0.492011278195488,2021-06-20,"6701"
"382",880.60601765554,23.9368998628258,0.410346854791299,2021-07-05,"6701"
"383",880.60601765554,23.9368998628258,0.410346854791299,2021-07-20,"6701"
"384",885.31595322271,28.7479406919275,0.492821840433043,2021-08-04,"6701"
"385",885.31595322271,28.7479406919275,0.492821840433043,2021-08-20,"6701"
"386",890.02588878988,28.7716405605936,0.49322812389589,2021-09-04,"6701"
"387",890.02588878988,28.7716405605936,0.49322812389589,2021-09-19,"6701"
"388",894.58389095166,33.5946094609461,0.575907590759076,2021-10-04,"6701"
"389",894.58389095166,33.5946094609461,0.575907590759076,2021-10-20,"6701"
"390",899.28749596028,23.9961496149615,0.411362564827911,2021-11-04,"6701"
"391",899.28749596028,23.9961496149615,0.411362564827911,2021-11-19,"6701"
"392",903.84549812205,38.4255436278557,0.658723605048956,2021-12-05,"6701"
"393",903.84549812205,38.4255436278557,0.658723605048956,2021-12-20,"6701"
"394",908.55543368922,38.4573002754821,0.659268004722551,2022-01-04,"6701"
"395",908.55543368922,38.4573002754821,0.659268004722551,2022-01-19,"6701"
"396",913.2653692564,48.1113868210642,0.824766631218244,2022-02-04,"6701"
"397",913.2653692564,48.1113868210642,0.824766631218244,2022-02-19,"6701"
"398",917.51950460739,33.7058498896247,0.577814569536424,2022-03-06,"6701"
"399",917.51950460739,33.7058498896247,0.577814569536424,2022-03-21,"6701"
"400",922.22944017456,38.5209713024283,0.660359508041628,2022-04-06,"6701"
"401",922.22944017456,38.5209713024283,0.660359508041628,2022-04-21,"6701"
"402",926.7937728949,48.1911074288871,0.826133270209492,2022-05-06,"6701"
"403",926.7937728949,48.1911074288871,0.826133270209492,2022-05-21,"6701"
"404",931.50370846207,43.4079601990049,0.744136460554371,2022-06-06,"6701"
"405",931.50370846207,43.4079601990049,0.744136460554371,2022-06-21,"6701"
"406",936.06171062384,24.1355463347165,0.413752222880854,2022-07-06,"6701"
"407",936.06171062384,24.1355463347165,0.413752222880854,2022-07-22,"6701"
"408",940.77164619102,33.8178294573643,0.579734219269103,2022-08-06,"6701"
"409",940.77164619102,33.8178294573643,0.579734219269103,2022-08-21,"6701"
"410",945.48158175819,33.8178294573643,0.579734219269103,2022-09-05,"6701"
"411",945.48158175819,33.8178294573643,0.579734219269103,2022-09-21,"6701"
"412",950.03958391996,33.8459407037961,0.58021612635079,2022-10-06,"6701"
"413",950.03958391996,33.8459407037961,0.58021612635079,2022-10-21,"6701"
"414",954.74318892858,38.7132556849695,0.663655811742334,2022-11-05,"6701"
"415",954.74318892858,38.7132556849695,0.663655811742334,2022-11-21,"6701"
"416",959.30119109035,29.0591174021649,0.498156298322826,2022-12-06,"6701"
"417",959.30119109035,29.0591174021649,0.498156298322826,2022-12-21,"6701"
"418",969.30119109035,29.0591174021649,0.498156298322826,2023-01-06,"6701"
